nodeID, floor, Type, X, Y, EdgeID, Weight
102,1,FINAL,-36,38,1000,3
105,1,FINAL,9,29,1008,1
110,1,FINAL,-26,51,1000,3
112,1,FINAL,-10,8,1006,1
1000,1,SECTION,-26,38,102,3
1000,1,SECTION,-26,38,110,3
1000,1,SECTION,-26,38,1001,2
1001,1,SECTION,-20,38,1000,2
1001,1,SECTION,-20,38,8100,3
1001,1,SECTION,-20,38,1002,2
1002,1,SECTION,-14,38,1001,2
1002,1,SECTION,-14,38,8101,3
1002,1,SECTION,-14,38,1003,1
1003,1,SECTION,-10,35,1002,1
1003,1,SECTION,-10,35,1004,2
1003,1,SECTION,-10,35,1007,1
1004,1,SECTION,-10,29,1005,2
1004,1,SECTION,-10,29,1003,2
1004,1,SECTION,-10,29,9001,1
1005,1,SECTION,-10,21,1006,2
1005,1,SECTION,-10,21,1101,1
1005,1,SECTION,-10,21,1004,2
1006,1,SECTION,-10,14,112,1
1006,1,SECTION,-10,14,1100,1
1006,1,SECTION,-10,14,1005,2
1007,1,SECTION,-5,36,1003,1
1007,1,SECTION,-5,36,8102,3
1007,1,SECTION,-5,36,1008,3
1008,1,SECTION,10,36,105,1
1008,1,SECTION,10,36,1007,3
1008,1,SECTION,10,36,8103,3
1008,1,SECTION,10,36,1009,5
1009,1,SECTION,35,36,1008,5
1009,1,SECTION,35,36,8104,3
1100,1,FINAL,-4,14,1006,1
1101,1,FINAL,-4,21,1005,1
8100,1,FINAL,-20,51,1001,3
8101,1,FINAL,-14,51,1002,3
8102,1,FINAL,-5,49,1007,3
8103,1,FINAL,10,49,1008,3
8104,1,FINAL,35,49,1009,3
9001,1,TRANSITION,0,0,1004,1
208,2,FINAL,10,-40,2019,1
214,2,FINAL,-35,-22,2007,1
221,2,FINAL,-10,-22,2013,1
222,2,FINAL,-23,-22,2009,1
223,2,FINAL,-30,-22,2008,1
225,2,FINAL,-61,-17,2004,1
226,2,FINAL,-74,-7,2261,0
226,2,FINAL,-74,-7,2260,0
227,2,FINAL,-73,-15,2058,1
229,2,FINAL,-86,-17,2000,1
249,2,FINAL,28,64,2033,1
254,2,FINAL,83,-42,2057,1
255,2,FINAL,75,-12,2046,1
268,2,FINAL,69,43,2052,1
2000,2,SECTION,-82,-17,229,1
2000,2,SECTION,-82,-17,2260,2
2000,2,SECTION,-82,-17,2001,2
2000,2,SECTION,-82,-17,2058,2
2001,2,SECTION,-82,-28,8200,3
2001,2,SECTION,-82,-28,2000,2
2001,2,SECTION,-82,-28,2002,1
2002,2,SECTION,-78,-28,2001,1
2002,2,SECTION,-78,-28,2100,1
2002,2,SECTION,-78,-28,2003,3
2003,2,SECTION,-65,-28,2002,3
2003,2,SECTION,-65,-28,2005,1
2003,2,SECTION,-65,-28,2004,2
2004,2,SECTION,-65,-17,2058,2
2004,2,SECTION,-65,-17,2261,2
2004,2,SECTION,-65,-17,225,1
2004,2,SECTION,-65,-17,2003,2
2005,2,SECTION,-62,-27,2003,1
2005,2,SECTION,-62,-27,2006,0
2006,2,SECTION,-60,-27,2005,0
2006,2,SECTION,-60,-27,2101,1
2006,2,SECTION,-60,-27,2007,5
2007,2,SECTION,-35,-27,214,1
2007,2,SECTION,-35,-27,2008,1
2007,2,SECTION,-35,-27,2006,5
2008,2,SECTION,-30,-27,2007,1
2008,2,SECTION,-30,-27,2009,1
2008,2,SECTION,-30,-27,223,1
2009,2,SECTION,-23,-27,2008,2
2009,2,SECTION,-23,-27,2010,1
2009,2,SECTION,-23,-27,222,1
2010,2,SECTION,-20,-27,2011,3
2010,2,SECTION,-20,-27,2009,1
2010,2,SECTION,-20,-27,2013,2
2011,2,SECTION,-20,-43,2010,3
2011,2,SECTION,-20,-43,2012,1
2012,2,SECTION,-25,-43,2011,1
2012,2,SECTION,-25,-43,8201,1
2013,2,SECTION,-10,-28,2010,2
2013,2,SECTION,-10,-28,221,1
2013,2,SECTION,-10,-28,2014,2
2014,2,SECTION,-2,-27,2013,2
2014,2,SECTION,-2,-27,2015,2
2014,2,SECTION,-2,-27,2018,3
2015,2,SECTION,-2,-37,2014,2
2015,2,SECTION,-2,-37,2016,1
2015,2,SECTION,-2,-37,2102,1
2016,2,SECTION,-2,-43,2015,1
2016,2,SECTION,-2,-43,2103,1
2018,2,SECTION,12,-27,2104,2
2018,2,SECTION,12,-27,2019,2
2019,2,SECTION,10,-36,208,1
2019,2,SECTION,10,-36,2018,2
2019,2,SECTION,10,-36,9002,1
2020,2,SECTION,20,-27,2018,2
2020,2,SECTION,20,-27,2022,2
2020,2,SECTION,20,-27,205,1
2021,2,SECTION,28,-20,2022,1
2021,2,SECTION,28,-20,205,1
2021,2,SECTION,28,-20,2026,1
2022,2,SECTION,28,-27,2020,2
2022,2,SECTION,28,-27,2021,1
2022,2,SECTION,28,-27,2023,1
2023,2,SECTION,28,-35,2022,1
2023,2,SECTION,28,-35,2024,2
2023,2,SECTION,28,-35,8202,5
2024,2,SECTION,37,-35,2023,2
2024,2,SECTION,37,-35,2025,3
2024,2,SECTION,37,-35,2043,3
2025,2,SECTION,37,-15,2026,2
2025,2,SECTION,37,-15,2024,3
2025,2,SECTION,37,-15,2041,3
2025,2,SECTION,37,-15,2047,4
2026,2,SECTION,28,-15,2021,1
2026,2,SECTION,28,-15,2025,2
2026,2,SECTION,28,-15,2027,1
2027,2,SECTION,28,-10,2026,1
2027,2,SECTION,28,-10,2104,3
2027,2,SECTION,28,-10,2028,3
2028,2,SECTION,28,7,2027,3
2028,2,SECTION,28,7,2106,1
2028,2,SECTION,28,7,2040,1
2028,2,SECTION,28,7,2029,3
2029,2,SECTION,28,28,2028,3
2029,2,SECTION,28,28,2038,1
2029,2,SECTION,28,28,2030,1
2030,2,SECTION,24,28,2029,1
2030,2,SECTION,24,28,2107,1
2030,2,SECTION,24,28,2031,3
2031,2,SECTION,24,47,2030,3
2031,2,SECTION,24,47,2032,2
2031,2,SECTION,24,47,2111,1
2032,2,SECTION,24,58,2031,2
2032,2,SECTION,24,58,2033,1
2033,2,SECTION,28,58,2032,1
2033,2,SECTION,28,58,2034,1
2033,2,SECTION,28,58,249,1
2034,2,SECTION,33,58,2033,1
2034,2,SECTION,33,58,2035,2
2035,2,SECTION,33,49,2034,2
2035,2,SECTION,33,49,2036,1
2035,2,SECTION,33,49,2054,5
2036,2,SECTION,33,45,2035,1
2036,2,SECTION,33,45,2037,2
2036,2,SECTION,33,45,9001,1
2037,2,SECTION,33,38,2036,1
2037,2,SECTION,33,38,2038,2
2037,2,SECTION,33,38,2110,1
2038,2,SECTION,33,28,2037,2
2038,2,SECTION,33,28,2039,2
2038,2,SECTION,33,28,2029,1
2038,2,SECTION,33,28,2109,1
2039,2,SECTION,33,12,2038,2
2039,2,SECTION,33,12,2040,1
2039,2,SECTION,33,12,2108,1
2040,2,SECTION,33,7,2028,1
2040,2,SECTION,33,7,2039,1
2040,2,SECTION,33,7,2041,1
2041,2,SECTION,37,7,2040,1
2041,2,SECTION,37,7,2025,3
2042,2,SECTION,54,-42,2043,1
2042,2,SECTION,54,-42,2055,4
2042,2,SECTION,54,-42,8203,1
2043,2,SECTION,54,-35,2042,1
2043,2,SECTION,54,-35,2024,3
2043,2,SECTION,54,-35,2059,2
2044,2,SECTION,61,-22,2059,1
2044,2,SECTION,61,-22,2047,1
2044,2,SECTION,61,-22,2045,1
2045,2,SECTION,69,-22,204,1
2045,2,SECTION,69,-22,2046,1
2045,2,SECTION,69,-22,2056,3
2046,2,SECTION,69,-12,2045,1
2046,2,SECTION,69,-12,2048,1
2046,2,SECTION,69,-12,255,1
2047,2,SECTION,61,-15,2044,1
2047,2,SECTION,61,-15,2048,2
2047,2,SECTION,61,-15,2025,5
2048,2,SECTION,67,-5,2046,1
2048,2,SECTION,67,-5,2047,2
2048,2,SECTION,67,-5,2049,4
2049,2,SECTION,81,3,2048,4
2049,2,SECTION,81,3,2050,4
2050,2,SECTION,81,24,2049,4
2050,2,SECTION,81,24,2051,3
2051,2,SECTION,69,36,2050,3
2051,2,SECTION,69,36,2052,2
2051,2,SECTION,69,36,2053,2
2052,2,SECTION,69,43,268,1
2052,2,SECTION,69,43,2051,1
2052,2,SECTION,69,43,2053,1
2053,2,SECTION,61,43,2051,2
2053,2,SECTION,61,43,2052,2
2053,2,SECTION,61,43,2054,1
2054,2,SECTION,61,49,2053,1
2054,2,SECTION,61,49,2035,5
2055,2,SECTION,78,-42,8204,1
2055,2,SECTION,78,-42,2057,1
2055,2,SECTION,78,-42,2042,4
2056,2,SECTION,83,-22,2057,3
2056,2,SECTION,83,-22,2045,2
2056,2,SECTION,83,-22,8205,1
2057,2,SECTION,83,-42,2055,1
2057,2,SECTION,83,-42,254,1
2057,2,SECTION,83,-42,2056,3
2058,2,SECTION,-73,-17,227,1
2058,2,SECTION,-73,-17,2004,1
2058,2,SECTION,-73,-17,2000,1
2059,2,SECTION,54,-22,2043,2
2059,2,SECTION,54,-22,2044,1
2060,2,SECTION,-62,-33,2005,1
2060,2,SECTION,-62,-33,9003,1
2100,2,FINAL,-78,-22,2002,1
2101,2,FINAL,-60,-22,2006,1
2102,2,FINAL,-6,-37,2015,1
2103,2,FINAL,-6,-43,2016,1
2104,2,FINAL,12,-10,2018,1
2104,2,FINAL,12,-10,2027,1
205,2,FINAL,20,-20,2020,1
205,2,FINAL,20,-20,2021,1
2106,2,FINAL,20,7,2028,1
2107,2,FINAL,20,28,2030,1
2108,2,FINAL,41,12,2039,1
2109,2,FINAL,41,28,2038,1
2110,2,FINAL,40,38,2037,1
2111,2,FINAL,19,47,2031,1
2112,2,FINAL,61,15,2047,1
2112,2,FINAL,61,15,2053,1
2260,2,FINAL,-82,-7,2000,1
2261,2,FINAL,-65,-7,2004,1
8200,2,FINAL,-88,-27,2001,2
8201,2,FINAL,-25,-46,2012,1
8202,2,FINAL,28,-51,2023,5
8203,2,FINAL,54,-50,2042,2
8204,2,FINAL,78,-50,2055,2
8205,2,FINAL,89,-22,2056,1
9001,2,TRANSITION,0,0,2036,0
9002,2,TRANSITION,0,0,2019,0
9003,2,TRANSITION,0,0,2060,0
308,3,FINAL,4,-44,3016,0
314,3,FINAL,-34,-29,3012,0
314,3,FINAL,-34,-29,3010,0
314,3,FINAL,-34,-29,3008,0
314,3,FINAL,-34,-29,3006,0
326,3,FINAL,-77,-21,3057,1
326,3,FINAL,-77,-21,3058,1
332,3,FINAL,15,1,3027,1
333,3,FINAL,14,24,3334,1
333,3,FINAL,14,24,3333,1
333,3,FINAL,14,24,3332,1
333,3,FINAL,14,24,3331,1
335,3,FINAL,47,-49,3022,1
337,3,FINAL,74,-46,3055,1
338,3,FINAL,41,-28,3024,1
339,3,FINAL,28,-7,3025,1
342,3,FINAL,67,-29,3054,1
343,3,FINAL,74,-29,3055,1
344,3,FINAL,84,-38,3056,1
345,3,FINAL,78,-25,3056,1
372,3,FINAL,55,3,3050,1
376,3,FINAL,74,15,3048,1
377,3,FINAL,82,42,3055,1
381,3,FINAL,75,37,3047,1
394,3,FINAL,26,50,3035,1
394,3,FINAL,26,50,3033,1
3000,3,SECTION,-86,-36,8300,2
3000,3,SECTION,-86,-36,3058,2
3000,3,SECTION,-86,-36,3001,2
3001,3,SECTION,-75,-36,3000,2
3001,3,SECTION,-75,-36,3100,1
3001,3,SECTION,-75,-36,3002,1
3002,3,SECTION,-69,-36,3001,1
3002,3,SECTION,-69,-36,3057,2
3002,3,SECTION,-69,-36,3004,1
3003,3,SECTION,-63,-46,9003,1
3003,3,SECTION,-63,-46,3004,1
3004,3,SECTION,-63,-36,3002,1
3004,3,SECTION,-63,-36,3003,1
3004,3,SECTION,-63,-36,3101,1
3004,3,SECTION,-63,-36,3005,2
3005,3,SECTION,-52,-36,3004,2
3005,3,SECTION,-52,-36,3006,1
3005,3,SECTION,-52,-36,3007,2
3006,3,SECTION,-52,-29,3005,1
3006,3,SECTION,-52,-29,314,0
3007,3,SECTION,-42,-36,3005,2
3007,3,SECTION,-42,-36,3009,3
3007,3,SECTION,-42,-36,3008,1
3008,3,SECTION,-42,-29,3007,1
3008,3,SECTION,-42,-29,314,0
3009,3,SECTION,-25,-36,3007,3
3009,3,SECTION,-25,-36,3010,1
3009,3,SECTION,-25,-36,3011,2
3010,3,SECTION,-25,-29,3009,1
3010,3,SECTION,-25,-29,314,0
3011,3,SECTION,-16,-36,3009,2
3011,3,SECTION,-16,-36,3012,1
3011,3,SECTION,-16,-36,3014,2
3012,3,SECTION,-16,-29,3011,1
3012,3,SECTION,-16,-29,314,0
3013,3,SECTION,-9,-61,8203,1
3013,3,SECTION,-9,-61,3014,3
3014,3,SECTION,-9,-36,3011,2
3014,3,SECTION,-9,-36,3013,3
3014,3,SECTION,-9,-36,3015,2
3015,3,SECTION,4,-36,3016,1
3015,3,SECTION,4,-36,3014,3
3015,3,SECTION,4,-36,3017,1
3016,3,SECTION,4,-44,308,0
3016,3,SECTION,4,-44,3015,1
3016,3,SECTION,4,-44,9002,2
3017,3,SECTION,11,-36,3015,1
3017,3,SECTION,11,-36,3102,2
3017,3,SECTION,11,-36,3019,2
3018,3,SECTION,20,-49,3019,3
3018,3,SECTION,20,-49,3020,1
3019,3,SECTION,20,-36,3017,2
3019,3,SECTION,20,-36,3018,3
3019,3,SECTION,20,-36,3023,2
3019,3,SECTION,20,-36,3027,5
3020,3,SECTION,28,-49,3018,1
3020,3,SECTION,28,-49,8302,2
3020,3,SECTION,28,-49,3021,1
3021,3,SECTION,35,-49,3020,1
3021,3,SECTION,35,-49,3022,1
3022,3,SECTION,35,-49,3021,1
3022,3,SECTION,35,-49,335,1
3022,3,SECTION,35,-49,3023,1
3023,3,SECTION,35,-37,3022,2
3023,3,SECTION,35,-37,3052,4
3023,3,SECTION,35,-37,2024,2
3024,3,SECTION,35,-28,3023,2
3024,3,SECTION,35,-28,338,1
3024,3,SECTION,35,-28,3025,3
3025,3,SECTION,28,-13,3024,3
3025,3,SECTION,28,-13,339,1
3025,3,SECTION,28,-13,3026,1
3026,3,SECTION,35,-13,3025,1
3026,3,SECTION,35,-13,3037,5
3027,3,SECTION,20,1,3019,6
3027,3,SECTION,20,1,332,1
3027,3,SECTION,20,1,3028,2
3028,3,SECTION,20,12,3027,2
3028,3,SECTION,20,12,3331,1
3028,3,SECTION,20,12,3036,3
3028,3,SECTION,20,12,3029,2
3029,3,SECTION,20,21,3028,2
3029,3,SECTION,20,21,3332,1
3029,3,SECTION,20,21,3030,1
3030,3,SECTION,20,27,3029,1
3030,3,SECTION,20,27,3031,2
3030,3,SECTION,20,27,3334,1
3031,3,SECTION,20,36,3030,2
3031,3,SECTION,20,36,3333,1
3031,3,SECTION,20,36,3032,1
3032,3,SECTION,20,42,3031,1
3032,3,SECTION,20,42,3033,2
3032,3,SECTION,20,42,3034,2
3033,3,SECTION,21,50,3032,2
3033,3,SECTION,21,50,394,1
3034,3,SECTION,30,42,3032,2
3034,3,SECTION,30,42,3041,1
3034,3,SECTION,30,42,3035,2
3035,3,SECTION,30,50,3034,2
3035,3,SECTION,30,50,394,1
3036,3,SECTION,35,12,3028,3
3036,3,SECTION,35,12,3037,1
3036,3,SECTION,35,12,3038,2
3037,3,SECTION,35,12,3026,4
3037,3,SECTION,35,12,3036,1
3037,3,SECTION,35,12,3049,5
3038,3,SECTION,35,20,3036,2
3038,3,SECTION,35,20,3103,1
3038,3,SECTION,35,20,3039,2
3039,3,SECTION,34,27,3038,2
3039,3,SECTION,34,27,3104,1
3039,3,SECTION,34,27,3040,1
3040,3,SECTION,34,35,3039,1
3040,3,SECTION,34,35,9001,1
3040,3,SECTION,34,35,3041,1
3041,3,SECTION,34,42,3040,1
3041,3,SECTION,34,42,3034,1
3041,3,SECTION,34,42,3042,3
3042,3,SECTION,48,42,3041,3
3042,3,SECTION,48,42,3821,1
3042,3,SECTION,48,42,3043,1
3043,3,SECTION,57,42,3042,1
3043,3,SECTION,57,42,386,1
3043,3,SECTION,57,42,3044,2
3044,3,SECTION,64,42,3043,2
3044,3,SECTION,64,42,3822,1
3044,3,SECTION,64,42,3852,1
3044,3,SECTION,64,42,3045,1
3045,3,SECTION,67,42,3044,1
3045,3,SECTION,67,42,3046,1
3045,3,SECTION,67,42,3047,2
3046,3,SECTION,75,42,3045,1
3046,3,SECTION,75,42,3851,1
3046,3,SECTION,75,42,377,1
3047,3,SECTION,67,30,3048,3
3047,3,SECTION,67,30,3045,2
3048,3,SECTION,67,30,381,1
3048,3,SECTION,67,15,376,1
3048,3,SECTION,67,15,3049,1
3048,3,SECTION,67,15,3047,3
3049,3,SECTION,61,15,3050,2
3049,3,SECTION,61,15,3048,1
3049,3,SECTION,61,15,3037,5
3050,3,SECTION,61,3,3051,4
3050,3,SECTION,61,3,372,1
3050,3,SECTION,61,3,3049,2
3051,3,SECTION,61,-17,3053,4
3051,3,SECTION,61,-17,3412,1
3051,3,SECTION,61,-17,3050,4
3052,3,SECTION,55,-37,3023,4
3052,3,SECTION,55,-37,3411,1
3052,3,SECTION,55,-37,3053,2
3053,3,SECTION,61,-37,3052,2
3053,3,SECTION,61,-37,3054,1
3053,3,SECTION,61,-37,3051,3
3054,3,SECTION,67,-37,3053,1
3054,3,SECTION,67,-37,342,1
3054,3,SECTION,67,-37,3055,1
3055,3,SECTION,74,-37,337,1
3055,3,SECTION,74,-37,3056,1
3055,3,SECTION,74,-37,343,1
3055,3,SECTION,74,-37,3054,1
3056,3,SECTION,78,-38,3055,1
3056,3,SECTION,78,-38,344,1
3056,3,SECTION,78,-38,345,1
3057,3,SECTION,-69,-21,3002,2
3057,3,SECTION,-69,-21,326,1
3058,3,SECTION,-86,-21,3000,2
3058,3,SECTION,-86,-21,326,1
3100,3,FINAL,-75,-28,3001,1
3102,3,FINAL,11,-28,3017,1
3103,3,FINAL,42,20,3038,1
3104,3,FINAL,42,27,3039,1
3331,3,SECTION,14,12,3028,1
3331,3,SECTION,14,12,333,0
3332,3,SECTION,14,21,3029,1
3332,3,SECTION,14,21,333,0
3333,3,SECTION,14,36,3031,1
3333,3,SECTION,14,36,333,0
3334,3,SECTION,14,27,3030,0
3334,3,SECTION,14,27,333,0
3411,3,FINAL,53,-28,3052,1
3412,3,FINAL,55,-17,3051,1
3821,3,FINAL,48,37,3042,1
3822,3,FINAL,61,37,3044,1
3851,3,FINAL,75,47,3046,1
3852,3,FINAL,67,47,3044,1
8300,3,FINAL,-92,-36,3000,1
8301,3,FINAL,-22,-61,3013,1
8302,3,FINAL,28,-60,3020,1
9001,3,TRANSITION,0,0,3040,0
9002,3,TRANSITION,0,0,3016,0
9003,3,TRANSITION,0,0,3003,0
401,4,FINAL,-9,-21,4021,0
402,4,FINAL,-15,61,4013,1
406,4,FINAL,-33,0,4018,2
409,4,FINAL,16,-5,4001,3
411,4,FINAL,16,7,4002,2
412,4,FINAL,10,21,4023,0
412,4,FINAL,10,21,4024,0
418,4,FINAL,11,64,4011,1
470,4,FINAL,-23,-21,4021,2
470,4,FINAL,-23,-21,4022,2
4000,4,SECTION,2,9,4001,1
4000,4,SECTION,2,9,4020,2
4001,4,SECTION,2,-5,4000,1
4001,4,SECTION,2,-5,409,2
4001,4,SECTION,2,-5,4002,3
4002,4,SECTION,2,8,4001,3
4002,4,SECTION,2,8,411,2
4002,4,SECTION,2,8,4003,1
4002,4,SECTION,2,8,4015,4
4003,4,SECTION,2,15,4002,1
4003,4,SECTION,2,15,4023,1
4003,4,SECTION,2,15,4004,2
4004,4,SECTION,2,26,4003,3
4004,4,SECTION,2,26,4024,1
4004,4,SECTION,2,26,4005,2
4004,4,SECTION,2,26,4014,4
4005,4,SECTION,2,34,4004,2
4005,4,SECTION,2,34,4006,2
4005,4,SECTION,2,34,4007,2
4006,4,SECTION,9,34,4005,2
4006,4,SECTION,9,34,4102,1
4007,4,SECTION,2,42,4005,2
4007,4,SECTION,2,42,4008,1
4007,4,SECTION,2,42,4101,1
4008,4,SECTION,2,46,4007,1
4008,4,SECTION,2,46,4009,1
4008,4,SECTION,2,46,4101,1
4009,4,SECTION,2,53,4008,1
4009,4,SECTION,2,53,4100,1
4009,4,SECTION,2,53,4010,1
4010,4,SECTION,2,56,4009,1
4010,4,SECTION,2,56,4011,2
4010,4,SECTION,2,56,4012,4
4011,4,SECTION,2,64,4010,2
4011,4,SECTION,2,64,418,2
4012,4,SECTION,-13,56,4010,4
4012,4,SECTION,-13,56,4014,5
4012,4,SECTION,-13,56,4013,1
4013,4,SECTION,-16,56,4012,1
4013,4,SECTION,-16,56,402,1
4014,4,SECTION,-13,26,4015,4
4014,4,SECTION,-13,26,4004,4
4014,4,SECTION,-13,26,4012,5
4014,4,SECTION,-13,26,4016,2
4015,4,SECTION,-13,-10,4017,2
4015,4,SECTION,-13,-10,4002,4
4015,4,SECTION,-13,-10,4014,4
4016,4,SECTION,-23,26,4018,5
4016,4,SECTION,-23,26,4014,2
4017,4,SECTION,-13,0,4019,2
4017,4,SECTION,-13,0,4015,2
4017,4,SECTION,-13,0,4018,2
4018,4,SECTION,-23,0,4022,3
4018,4,SECTION,-23,0,406,3
4018,4,SECTION,-23,0,4016,5
4018,4,SECTION,-23,0,4017,2
4019,4,SECTION,-13,-10,4020,2
4019,4,SECTION,-13,-10,4017,2
4020,4,SECTION,-9,-10,4021,3
4020,4,SECTION,-9,-10,4000,3
4020,4,SECTION,-9,-10,4019,1
4021,4,SECTION,-9,-21,470,3
4021,4,SECTION,-9,-21,401,0
4021,4,SECTION,-9,-21,4020,3
4022,4,SECTION,-23,-10,470,3
4022,4,SECTION,-23,-10,9002,1
4022,4,SECTION,-23,-10,4018,3
4023,4,SECTION,10,15,4003,2
4023,4,SECTION,10,15,412,0
4024,4,SECTION,10,26,4004,2
4024,4,SECTION,10,26,412,0
4100,4,FINAL,9,53,4009,1
4101,4,FINAL,7,42,4007,1
4101,4,FINAL,7,42,4008,1
4102,4,FINAL,9,38,4006,1
9002,4,TRANSITION,0,0,4022,1